131072 2 0 0.005398
131072 2 1 0.005285
131072 2 2 0.005092
131072 2 3 0.005002
131072 2 4 0.005063
131072 4 0 0.003655
131072 4 1 0.003273
131072 4 2 0.003152
131072 4 3 0.003106
131072 4 4 0.002981
131072 8 0 0.002900
131072 8 1 0.002365
131072 8 2 0.002631
131072 8 3 0.002371
131072 8 4 0.002599
131072 16 0 0.003537
131072 16 1 0.001450
131072 16 2 0.001247
131072 16 3 0.001432
131072 16 4 0.001430
131072 32 0 0.003625
131072 32 1 0.001203
131072 32 2 0.001110
131072 32 3 0.001113
131072 32 4 0.001471
131072 64 0 0.008904
131072 64 1 0.003763
131072 64 2 0.001586
131072 64 3 0.001994
131072 64 4 0.001499
262144 2 0 0.010232
262144 2 1 0.009759
262144 2 2 0.009818
262144 2 3 0.010267
262144 2 4 0.009679
262144 4 0 0.011106
262144 4 1 0.010686
262144 4 2 0.010552
262144 4 3 0.010847
262144 4 4 0.010591
262144 8 0 0.004480
262144 8 1 0.004273
262144 8 2 0.003803
262144 8 3 0.004082
262144 8 4 0.003978
262144 16 0 0.007871
262144 16 1 0.003015
262144 16 2 0.002984
262144 16 3 0.003186
262144 16 4 0.002984
262144 32 0 0.004607
262144 32 1 0.001960
262144 32 2 0.001821
262144 32 3 0.001948
262144 32 4 0.001917
262144 64 0 0.006867
262144 64 1 0.002091
262144 64 2 0.002048
262144 64 3 0.002137
262144 64 4 0.001337
524288 2 0 0.021035
524288 2 1 0.020267
524288 2 2 0.019898
524288 2 3 0.020669
524288 2 4 0.020168
524288 4 0 0.019346
524288 4 1 0.018887
524288 4 2 0.019217
524288 4 3 0.018764
524288 4 4 0.018820
524288 8 0 0.007977
524288 8 1 0.010673
524288 8 2 0.009991
524288 8 3 0.009594
524288 8 4 0.009788
524288 16 0 0.006154
524288 16 1 0.004684
524288 16 2 0.004740
524288 16 3 0.004516
524288 16 4 0.004866
524288 32 0 0.005630
524288 32 1 0.003046
524288 32 2 0.002646
524288 32 3 0.003066
524288 32 4 0.003328
524288 64 0 0.007742
524288 64 1 0.002591
524288 64 2 0.002490
524288 64 3 0.002447
524288 64 4 0.002571
1048576 2 0 0.034153
1048576 2 1 0.033736
1048576 2 2 0.034058
1048576 2 3 0.033766
1048576 2 4 0.033979
1048576 4 0 0.038131
1048576 4 1 0.037618
1048576 4 2 0.037399
1048576 4 3 0.036854
1048576 4 4 0.038032
1048576 8 0 0.023739
1048576 8 1 0.024461
1048576 8 2 0.024701
1048576 8 3 0.025055
1048576 8 4 0.024907
1048576 16 0 0.009959
1048576 16 1 0.011229
1048576 16 2 0.011019
1048576 16 3 0.010961
1048576 16 4 0.011356
1048576 32 0 0.009537
1048576 32 1 0.006043
1048576 32 2 0.005903
1048576 32 3 0.006084
1048576 32 4 0.005801
1048576 64 0 0.010012
1048576 64 1 0.004771
1048576 64 2 0.004658
1048576 64 3 0.004669
1048576 64 4 0.004510
2097152 2 0 0.067391
2097152 2 1 0.066905
2097152 2 2 0.067059
2097152 2 3 0.068009
2097152 2 4 0.066782
2097152 4 0 0.037189
2097152 4 1 0.035759
2097152 4 2 0.035797
2097152 4 3 0.037383
2097152 4 4 0.035617
2097152 8 0 0.044045
2097152 8 1 0.043333
2097152 8 2 0.044255
2097152 8 3 0.043612
2097152 8 4 0.044315
2097152 16 0 0.022886
2097152 16 1 0.023960
2097152 16 2 0.024045
2097152 16 3 0.023292
2097152 16 4 0.024284
2097152 32 0 0.012618
2097152 32 1 0.013605
2097152 32 2 0.013808
2097152 32 3 0.013632
2097152 32 4 0.013653
2097152 64 0 0.015163
2097152 64 1 0.007993
2097152 64 2 0.008046
2097152 64 3 0.008116
2097152 64 4 0.007986
4194304 2 0 0.185468
4194304 2 1 0.187220
4194304 2 2 0.186937
4194304 2 3 0.185805
4194304 2 4 0.187464
4194304 4 0 0.071298
4194304 4 1 0.069493
4194304 4 2 0.069444
4194304 4 3 0.069593
4194304 4 4 0.070102
4194304 8 0 0.048369
4194304 8 1 0.046064
4194304 8 2 0.045903
4194304 8 3 0.045966
4194304 8 4 0.045378
4194304 16 0 0.056991
4194304 16 1 0.055032
4194304 16 2 0.054374
4194304 16 3 0.053985
4194304 16 4 0.055274
4194304 32 0 0.029514
4194304 32 1 0.028293
4194304 32 2 0.029031
4194304 32 3 0.028104
4194304 32 4 0.033499
4194304 64 0 0.022715
4194304 64 1 0.018451
4194304 64 2 0.018370
4194304 64 3 0.018516
4194304 64 4 0.018902
8388608 2 0 0.381160
8388608 2 1 0.380795
8388608 2 2 0.382038
8388608 2 3 0.382124
8388608 2 4 0.387754
8388608 4 0 0.189255
8388608 4 1 0.192549
8388608 4 2 0.194282
8388608 4 3 0.188797
8388608 4 4 0.194438
8388608 8 0 0.098653
8388608 8 1 0.099608
8388608 8 2 0.096975
8388608 8 3 0.097166
8388608 8 4 0.098973
8388608 16 0 0.071007
8388608 16 1 0.070242
8388608 16 2 0.069419
8388608 16 3 0.069693
8388608 16 4 0.070123
8388608 32 0 0.067131
8388608 32 1 0.066804
8388608 32 2 0.065587
8388608 32 3 0.067844
8388608 32 4 0.067845
8388608 64 0 0.041503
8388608 64 1 0.037483
8388608 64 2 0.037638
8388608 64 3 0.037830
8388608 64 4 0.038054
16777216 2 0 0.785926
16777216 2 1 0.786998
16777216 2 2 0.786313
16777216 2 3 0.786393
16777216 2 4 0.786018
16777216 4 0 0.390404
16777216 4 1 0.393779
16777216 4 2 0.395356
16777216 4 3 0.395892
16777216 4 4 0.393725
16777216 8 0 0.238694
16777216 8 1 0.235463
16777216 8 2 0.237057
16777216 8 3 0.239472
16777216 8 4 0.235231
16777216 16 0 0.139970
16777216 16 1 0.137100
16777216 16 2 0.151339
16777216 16 3 0.135360
16777216 16 4 0.134410
16777216 32 0 0.110783
16777216 32 1 0.108890
16777216 32 2 0.107917
16777216 32 3 0.111198
16777216 32 4 0.110045
16777216 64 0 0.085638
16777216 64 1 0.081015
16777216 64 2 0.085036
16777216 64 3 0.082687
16777216 64 4 0.083368
33554432 2 0 1.588902
33554432 2 1 1.621475
33554432 2 2 1.596883
33554432 2 3 1.598020
33554432 2 4 1.590587
33554432 4 0 0.816561
33554432 4 1 0.817632
33554432 4 2 0.811284
33554432 4 3 0.810514
33554432 4 4 0.811373
33554432 8 0 0.496974
33554432 8 1 0.478590
33554432 8 2 0.492256
33554432 8 3 0.487258
33554432 8 4 0.486895
33554432 16 0 0.327047
33554432 16 1 0.328490
33554432 16 2 0.327756
33554432 16 3 0.334856
33554432 16 4 0.321210
33554432 32 0 0.226839
33554432 32 1 0.220037
33554432 32 2 0.214764
33554432 32 3 0.216256
33554432 32 4 0.217153
33554432 64 0 0.150321
33554432 64 1 0.138069
33554432 64 2 0.130828
33554432 64 3 0.133080
33554432 64 4 0.136166
67108864 2 0 3.264632
67108864 2 1 3.271311
67108864 2 2 3.338625
67108864 2 3 3.332070
67108864 2 4 3.436443
67108864 4 0 1.621518
67108864 4 1 1.619914
67108864 4 2 1.623805
67108864 4 3 1.621064
67108864 4 4 1.620099
67108864 8 0 0.978025
67108864 8 1 0.975170
67108864 8 2 0.969447
67108864 8 3 0.971297
67108864 8 4 0.957043
67108864 16 0 0.656340
67108864 16 1 0.667467
67108864 16 2 0.658551
67108864 16 3 0.655175
67108864 16 4 0.659229
67108864 32 0 0.504535
67108864 32 1 0.496772
67108864 32 2 0.502499
67108864 32 3 0.500895
67108864 32 4 0.499045
67108864 64 0 0.304933
67108864 64 1 0.298881
67108864 64 2 0.304165
67108864 64 3 0.312484
67108864 64 4 0.303686
134217728 2 0 7.176403
134217728 2 1 7.238383
134217728 2 2 7.129563
134217728 2 3 7.138477
134217728 2 4 7.194705
134217728 4 0 3.376160
134217728 4 1 3.388451
134217728 4 2 3.333102
134217728 4 3 3.368035
134217728 4 4 3.331067
134217728 8 0 1.931966
134217728 8 1 1.944438
134217728 8 2 1.955031
134217728 8 3 1.950300
134217728 8 4 1.942004
134217728 16 0 1.366319
134217728 16 1 1.365383
134217728 16 2 1.360555
134217728 16 3 1.354162
134217728 16 4 1.366065
134217728 32 0 1.049427
134217728 32 1 1.041503
134217728 32 2 1.033610
134217728 32 3 1.058418
134217728 32 4 1.038639
134217728 64 0 0.669395
134217728 64 1 0.658368
134217728 64 2 0.657335
134217728 64 3 0.646805
134217728 64 4 0.675644
268435456 2 0 13.230568
268435456 2 1 13.306812
268435456 2 2 13.303843
268435456 2 3 13.555491
268435456 2 4 15.782025
268435456 4 0 7.278538
268435456 4 1 7.268363
268435456 4 2 7.277570
268435456 4 3 7.317826
268435456 4 4 7.315348
268435456 8 0 4.029887
268435456 8 1 4.023663
268435456 8 2 4.007868
268435456 8 3 3.901084
268435456 8 4 4.013168
268435456 16 0 2.665205
268435456 16 1 2.737186
268435456 16 2 2.689928
268435456 16 3 2.722061
268435456 16 4 2.708050
268435456 32 0 2.152616
268435456 32 1 2.121521
268435456 32 2 2.149096
268435456 32 3 2.136762
268435456 32 4 2.165212
268435456 64 0 1.292230
268435456 64 1 1.298394
268435456 64 2 1.302966
268435456 64 3 1.303659
268435456 64 4 1.300817
536870912 2 0 30.471762
536870912 2 1 31.777684
536870912 2 2 37.889532
536870912 2 3 42.113060
536870912 2 4 42.419880
536870912 4 0 13.590310
536870912 4 1 13.766182
536870912 4 2 13.558624
536870912 4 3 14.001433
536870912 4 4 15.057779
536870912 8 0 8.539633
536870912 8 1 8.465187
536870912 8 2 8.613743
536870912 8 3 8.640838
536870912 8 4 8.578092
536870912 16 0 5.566823
536870912 16 1 5.532872
536870912 16 2 5.442003
536870912 16 3 5.588951
536870912 16 4 5.513400
536870912 32 0 4.078708
536870912 32 1 4.228773
536870912 32 2 4.204995
536870912 32 3 4.182894
536870912 32 4 4.181585
536870912 64 0 2.894142
536870912 64 1 2.879140
536870912 64 2 2.871460
536870912 64 3 2.901485
536870912 64 4 2.825172
1073741824 2 0 66.365169
1073741824 2 1 82.005671
1073741824 2 2 155.300119
1073741824 4 0 31.458418
1073741824 4 1 31.912359
1073741824 4 2 40.455809
1073741824 4 3 42.411452
1073741824 4 4 44.530493
1073741824 8 0 16.383328
1073741824 8 1 16.073192
1073741824 8 2 20.647163
1073741824 8 3 25.808308
1073741824 8 4 27.258123
1073741824 16 0 11.418502
1073741824 16 1 11.596948
1073741824 16 2 14.824798
1073741824 16 3 20.748596
1073741824 16 4 22.166343
1073741824 32 0 8.595792
1073741824 32 1 8.590699
1073741824 32 2 12.349434
1073741824 32 3 18.569191
1073741824 32 4 19.387472
1073741824 64 0 5.543066
1073741824 64 1 5.653024
1073741824 64 2 5.597657
1073741824 64 3 5.563946
1073741824 64 4 6.002756
